-3.974451535426469784e-01 2.993195910739088195e-01 3.651645686981541683e-02 -5.356374863325061852e-01 5.149071705233763119e-01 -6.458248041217168334e-01 -1.775697426406674384e-01
-3.806981894681652490e-01 1.114712496094110716e-01 5.107448840870667528e-01 -1.223844855251010832e+00 1.428809965089941958e+00 -5.369925757759232976e-01 8.587023586267017450e-01
-4.282012392197100947e-01 1.979749504795717263e-01 5.332964917576987762e-01 -1.078944287822324322e+00 1.022929734716076844e+00 -7.585860717344086179e-01 8.926286723180257288e-02
-2.384564007357303783e-01 3.065748332809801746e-01 3.245091941225845544e-01 -7.727949343892608347e-01 5.933936149089162893e-01 -4.685774398918821637e-01 -8.216597347364882342e-01
-3.561598725179802027e-01 1.538302059359082097e-01 3.781463348211011599e-01 -6.836523355965540283e-01 8.954847560356102854e-01 -2.694635610398882219e-02 -8.427186494904462810e-01
-3.561598725179802027e-01 1.538302059359082097e-01 3.781463348211011599e-01 -6.836523355965540283e-01 8.954847560356102854e-01 -2.694635610398882219e-02 -8.427186494904462810e-01
-4.178573206795889172e-01 1.513426079088645848e-01 3.771500427355993779e-01 -1.249353117137590452e+00 9.767820170142887948e-01 -8.874867907646780685e-01 -3.016088500733299926e-01
-4.178573206795889172e-01 1.513426079088645848e-01 3.771500427355993779e-01 -1.249353117137590452e+00 9.767820170142887948e-01 -8.874867907646780685e-01 -3.016088500733299926e-01
-4.178573206795889172e-01 1.513426079088645848e-01 3.771500427355993779e-01 -1.249353117137590452e+00 9.767820170142887948e-01 -8.874867907646780685e-01 -3.016088500733299926e-01
-4.178573206795889172e-01 1.513426079088645848e-01 3.771500427355993779e-01 -1.249353117137590452e+00 9.767820170142887948e-01 -8.874867907646780685e-01 -3.016088500733299926e-01
-4.019343972464165526e-01 1.711264636557671415e-01 3.604036775396244896e-01 -7.785151407342624230e-01 1.194813354498947655e+00 -3.356700867853518733e-01 -8.451144088999205106e-01
-4.019343972464165526e-01 1.711264636557671415e-01 3.604036775396244896e-01 -7.785151407342624230e-01 1.194813354498947655e+00 -3.356700867853518733e-01 -8.451144088999205106e-01
-4.019343972464165526e-01 1.711264636557671415e-01 3.604036775396244896e-01 -7.785151407342624230e-01 1.194813354498947655e+00 -3.356700867853518733e-01 -8.451144088999205106e-01
-4.019343972464165526e-01 1.711264636557671415e-01 3.604036775396244896e-01 -7.785151407342624230e-01 1.194813354498947655e+00 -3.356700867853518733e-01 -8.451144088999205106e-01
-4.019343972464165526e-01 1.711264636557671415e-01 3.604036775396244896e-01 -7.785151407342624230e-01 1.194813354498947655e+00 -3.356700867853518733e-01 -8.451144088999205106e-01
-4.019343972464165526e-01 1.711264636557671415e-01 3.604036775396244896e-01 -7.785151407342624230e-01 1.194813354498947655e+00 -3.356700867853518733e-01 -8.451144088999205106e-01
-4.019343972464165526e-01 1.711264636557671415e-01 3.604036775396244896e-01 -7.785151407342624230e-01 1.194813354498947655e+00 -3.356700867853518733e-01 -8.451144088999205106e-01
-4.019343972464165526e-01 1.711264636557671415e-01 3.604036775396244896e-01 -7.785151407342624230e-01 1.194813354498947655e+00 -3.356700867853518733e-01 -8.451144088999205106e-01
-4.019343972464165526e-01 1.711264636557671415e-01 3.604036775396244896e-01 -7.785151407342624230e-01 1.194813354498947655e+00 -3.356700867853518733e-01 -8.451144088999205106e-01
-4.019343972464165526e-01 1.711264636557671415e-01 3.604036775396244896e-01 -7.785151407342624230e-01 1.194813354498947655e+00 -3.356700867853518733e-01 -8.451144088999205106e-01
-4.019343972464165526e-01 1.711264636557671415e-01 3.604036775396244896e-01 -7.785151407342624230e-01 1.194813354498947655e+00 -3.356700867853518733e-01 -8.451144088999205106e-01
-4.019343972464165526e-01 1.711264636557671415e-01 3.604036775396244896e-01 -7.785151407342624230e-01 1.194813354498947655e+00 -3.356700867853518733e-01 -8.451144088999205106e-01
-4.019343972464165526e-01 1.711264636557671415e-01 3.604036775396244896e-01 -7.785151407342624230e-01 1.194813354498947655e+00 -3.356700867853518733e-01 -8.451144088999205106e-01
-3.076156654534439872e-01 1.401791510157273102e-01 2.592263186114451834e-01 -5.682603108473858189e-01 8.466927725293632578e-01 1.366295393304422789e-01 -4.979312054777453311e-01
-3.076156654534439872e-01 1.401791510157273102e-01 2.592263186114451834e-01 -5.682603108473858189e-01 8.466927725293632578e-01 1.366295393304422789e-01 -4.979312054777453311e-01
-3.082748711000622421e-01 1.315662410924344217e-01 3.018555887956853589e-01 -4.538272266642474628e-01 9.557296295676113163e-01 3.001779352034373849e-01 -5.243177252892995410e-01
-3.082748711000622421e-01 1.315662410924344217e-01 3.018555887956853589e-01 -4.538272266642474628e-01 9.557296295676113163e-01 3.001779352034373849e-01 -5.243177252892995410e-01
-3.082748711000622421e-01 1.315662410924344217e-01 3.018555887956853589e-01 -4.538272266642474628e-01 9.557296295676113163e-01 3.001779352034373849e-01 -5.243177252892995410e-01
-3.185816919780862788e-01 8.850534900803824767e-02 3.028232458725773624e-01 -4.663339426311204905e-01 9.794015793837750339e-01 3.435011641667666260e-01 -5.530338886584048597e-01
-2.488766525360752713e-01 1.036367951270198984e-01 2.607680271866570920e-01 -5.554272191027620487e-01 8.144872451405328340e-01 3.296230005040488575e-01 -8.326447142151534031e-01
-2.488766525360752713e-01 1.036367951270198984e-01 2.607680271866570920e-01 -5.554272191027620487e-01 8.144872451405328340e-01 3.296230005040488575e-01 -8.326447142151534031e-01
-2.488766525360752713e-01 1.036367951270198984e-01 2.607680271866570920e-01 -5.554272191027620487e-01 8.144872451405328340e-01 3.296230005040488575e-01 -8.326447142151534031e-01
-2.430018550675017153e-01 8.438935803958474979e-02 2.936156239025650705e-01 -4.941145981617188210e-01 7.934378923431720798e-01 4.105189437824332543e-01 -7.485340056837932465e-01
-2.528820381845764409e-01 6.874164352580863779e-02 2.903451020865294163e-01 -6.998130932279049699e-01 7.890341520094668049e-01 1.903002328023847833e-01 -6.335513837061419462e-01
-2.528820381845764409e-01 6.874164352580863779e-02 2.903451020865294163e-01 -6.998130932279049699e-01 7.890341520094668049e-01 1.903002328023847833e-01 -6.335513837061419462e-01
-2.528820381845764409e-01 6.874164352580863779e-02 2.903451020865294163e-01 -6.998130932279049699e-01 7.890341520094668049e-01 1.903002328023847833e-01 -6.335513837061419462e-01
-2.528820381845764409e-01 6.874164352580863779e-02 2.903451020865294163e-01 -6.998130932279049699e-01 7.890341520094668049e-01 1.903002328023847833e-01 -6.335513837061419462e-01
-2.528820381845764409e-01 6.874164352580863779e-02 2.903451020865294163e-01 -6.998130932279049699e-01 7.890341520094668049e-01 1.903002328023847833e-01 -6.335513837061419462e-01
-2.528820381845764409e-01 6.874164352580863779e-02 2.903451020865294163e-01 -6.998130932279049699e-01 7.890341520094668049e-01 1.903002328023847833e-01 -6.335513837061419462e-01
-2.528820381845764409e-01 6.874164352580863779e-02 2.903451020865294163e-01 -6.998130932279049699e-01 7.890341520094668049e-01 1.903002328023847833e-01 -6.335513837061419462e-01
-2.528820381845764409e-01 6.874164352580863779e-02 2.903451020865294163e-01 -6.998130932279049699e-01 7.890341520094668049e-01 1.903002328023847833e-01 -6.335513837061419462e-01
-2.528820381845764409e-01 6.874164352580863779e-02 2.903451020865294163e-01 -6.998130932279049699e-01 7.890341520094668049e-01 1.903002328023847833e-01 -6.335513837061419462e-01
-2.528820381845764409e-01 6.874164352580863779e-02 2.903451020865294163e-01 -6.998130932279049699e-01 7.890341520094668049e-01 1.903002328023847833e-01 -6.335513837061419462e-01
-2.528820381845764409e-01 6.874164352580863779e-02 2.903451020865294163e-01 -6.998130932279049699e-01 7.890341520094668049e-01 1.903002328023847833e-01 -6.335513837061419462e-01
-2.230451017324873719e-01 6.180903282894723016e-02 2.897791429688379439e-01 -8.764130543189893041e-01 4.766730312596846875e-01 -2.573022902124148803e-02 -6.220336217998905237e-01
-2.230451017324873719e-01 6.180903282894723016e-02 2.897791429688379439e-01 -8.764130543189893041e-01 4.766730312596846875e-01 -2.573022902124148803e-02 -6.220336217998905237e-01
-2.230451017324873719e-01 6.180903282894723016e-02 2.897791429688379439e-01 -8.764130543189893041e-01 4.766730312596846875e-01 -2.573022902124148803e-02 -6.220336217998905237e-01
-2.230451017324873719e-01 6.180903282894723016e-02 2.897791429688379439e-01 -8.764130543189893041e-01 4.766730312596846875e-01 -2.573022902124148803e-02 -6.220336217998905237e-01
-2.230451017324873719e-01 6.180903282894723016e-02 2.897791429688379439e-01 -8.764130543189893041e-01 4.766730312596846875e-01 -2.573022902124148803e-02 -6.220336217998905237e-01
-2.230451017324873719e-01 6.180903282894723016e-02 2.897791429688379439e-01 -8.764130543189893041e-01 4.766730312596846875e-01 -2.573022902124148803e-02 -6.220336217998905237e-01
-1.985765182051270061e-01 6.180903282894723016e-02 2.897791429688379439e-01 -8.726778513946682470e-01 5.092166064085531518e-01 7.510744687808060260e-02 -4.705310499215247244e-01
-1.985765182051270061e-01 6.180903282894723016e-02 2.897791429688379439e-01 -8.726778513946682470e-01 5.092166064085531518e-01 7.510744687808060260e-02 -4.705310499215247244e-01
-1.985765182051270061e-01 6.180903282894723016e-02 2.897791429688379439e-01 -8.726778513946682470e-01 5.092166064085531518e-01 7.510744687808060260e-02 -4.705310499215247244e-01
